6.579545140266418457e-02
5.226190015673637390e-02
4.978617653250694275e-02
4.683495685458183289e-02
4.408654198050498962e-02
4.327453672885894775e-02
3.943993151187896729e-02
3.773709014058113098e-02
3.687560930848121643e-02
3.413842618465423584e-02
3.451173007488250732e-02
3.237216174602508545e-02
3.108175098896026611e-02
2.977653592824935913e-02
2.895423024892807007e-02
2.642924338579177856e-02
2.550039254128932953e-02
2.442685514688491821e-02
2.484499849379062653e-02
2.401835471391677856e-02
2.252282202243804932e-02
2.233622968196868896e-02
