6.801142543554306030e-02
6.741986423730850220e-02
6.739044189453125000e-02
6.727620214223861694e-02
6.716893613338470459e-02
6.719329208135604858e-02
6.723255664110183716e-02
6.786707043647766113e-02
6.735729426145553589e-02
6.672887504100799561e-02
6.711193174123764038e-02
6.709301471710205078e-02
6.594168394804000854e-02
6.566158682107925415e-02
6.573281437158584595e-02
6.573440879583358765e-02
6.661671400070190430e-02
6.519325077533721924e-02
6.537123769521713257e-02
6.584325432777404785e-02
6.491833180189132690e-02
6.532236188650131226e-02
6.522937119007110596e-02
6.528145819902420044e-02
6.362823396921157837e-02
6.415896862745285034e-02
6.360587477684020996e-02
6.391888856887817383e-02
6.462880223989486694e-02
6.313364207744598389e-02
6.314519047737121582e-02
6.326714903116226196e-02
6.330838054418563843e-02
6.278946250677108765e-02
6.264816969633102417e-02
6.282993406057357788e-02
6.218900531530380249e-02
6.256532669067382812e-02
6.220231205224990845e-02
6.229613348841667175e-02
6.217531114816665649e-02
6.193418055772781372e-02
6.230238825082778931e-02
6.195441633462905884e-02
5.353095754981040955e-02
5.296446382999420166e-02
5.250325798988342285e-02
5.199764296412467957e-02
5.161825567483901978e-02
5.170583724975585938e-02
5.100877955555915833e-02
5.122869461774826050e-02
5.090286210179328918e-02
5.093590542674064636e-02
5.069755390286445618e-02
5.036720260977745056e-02
5.057749897241592407e-02
5.037841200828552246e-02
5.040701478719711304e-02
5.020336061716079712e-02
4.992907121777534485e-02
5.010022968053817749e-02
4.965544119477272034e-02
4.983151704072952271e-02
4.966669157147407532e-02
4.954144731163978577e-02
4.928972199559211731e-02
4.919276759028434753e-02
4.892920702695846558e-02
4.901145398616790771e-02
4.879663512110710144e-02
4.868368804454803467e-02
4.844039678573608398e-02
4.855521768331527710e-02
4.851690307259559631e-02
4.830497130751609802e-02
4.837859794497489929e-02
4.771542549133300781e-02
4.861041158437728882e-02
4.795789718627929688e-02
