6.740485131740570068e-02
6.706640124320983887e-02
6.701892614364624023e-02
6.686357408761978149e-02
6.678266078233718872e-02
6.660667806863784790e-02
6.652119010686874390e-02
6.576732546091079712e-02
6.565523147583007812e-02
6.419058144092559814e-02
6.332688778638839722e-02
6.244104728102684021e-02
6.199303269386291504e-02
6.130503863096237183e-02
6.009690463542938232e-02
5.881626158952713013e-02
5.749597772955894470e-02
5.539540201425552368e-02
5.521363019943237305e-02
5.409755557775497437e-02
5.324650928378105164e-02
5.291283130645751953e-02
5.134069174528121948e-02
5.216483026742935181e-02
5.107028409838676453e-02
5.057880282402038574e-02
5.077097937464714050e-02
