6.789999455213546753e-02
6.752075999975204468e-02
6.748443096876144409e-02
6.734241545200347900e-02
6.724786758422851562e-02
6.729643791913986206e-02
6.727389991283416748e-02
6.717272102832794189e-02
6.724327057600021362e-02
6.683595478534698486e-02
6.772130727767944336e-02
6.717139482498168945e-02
6.742026656866073608e-02
6.688398867845535278e-02
6.723108142614364624e-02
6.636665761470794678e-02
6.620961427688598633e-02
6.600070744752883911e-02
6.585878878831863403e-02
6.421270966529846191e-02
6.481888145208358765e-02
6.275464594364166260e-02
6.251075118780136108e-02
6.184454262256622314e-02
6.108472123742103577e-02
6.021311506628990173e-02
5.895502492785453796e-02
5.853658169507980347e-02
5.727965012192726135e-02
5.664587765932083130e-02
5.638901516795158386e-02
5.531416088342666626e-02
5.555669590830802917e-02
5.472367629408836365e-02
5.464458465576171875e-02
5.419820547103881836e-02
5.493115261197090149e-02
5.349835753440856934e-02
5.318029597401618958e-02
5.251954868435859680e-02
5.289583653211593628e-02
5.329033359885215759e-02
5.155484378337860107e-02
5.253518745303153992e-02
5.227727442979812622e-02
5.145574361085891724e-02
5.139504000544548035e-02
5.095579847693443298e-02
5.103558674454689026e-02
5.032175406813621521e-02
5.086709186434745789e-02
4.989026114344596863e-02
5.011670663952827454e-02
4.993784055113792419e-02
4.913943633437156677e-02
4.967098683118820190e-02
5.054590478539466858e-02
4.922798275947570801e-02
4.978505522012710571e-02
4.887112975120544434e-02
4.826256260275840759e-02
4.869414120912551880e-02
4.806429520249366760e-02
4.788895323872566223e-02
4.790987074375152588e-02
4.719678312540054321e-02
4.782136529684066772e-02
4.772359505295753479e-02
4.775080829858779907e-02
4.675585776567459106e-02
4.706731438636779785e-02
4.679928719997406006e-02
4.630597308278083801e-02
4.627875238656997681e-02
4.656515270471572876e-02
4.640324786305427551e-02
4.542506113648414612e-02
4.596593230962753296e-02
4.507765918970108032e-02
4.488929361104965210e-02
4.472792893648147583e-02
4.481628164649009705e-02
4.485173523426055908e-02
4.457387700676918030e-02
4.444105178117752075e-02
4.456993192434310913e-02
4.393647983670234680e-02
4.375694692134857178e-02
4.382733628153800964e-02
4.374201223254203796e-02
4.355258122086524963e-02
4.329380393028259277e-02
4.329100251197814941e-02
4.296822845935821533e-02
4.296582937240600586e-02
4.301195591688156128e-02
4.266234487295150757e-02
4.272345453500747681e-02
4.205586388707160950e-02
4.212909191846847534e-02
4.233149439096450806e-02
4.177654162049293518e-02
4.206671938300132751e-02
4.170335829257965088e-02
4.143592342734336853e-02
4.121606424450874329e-02
4.140549525618553162e-02
4.077071323990821838e-02
4.074444621801376343e-02
4.043646156787872314e-02
4.049940407276153564e-02
4.030316695570945740e-02
4.043005406856536865e-02
3.997994959354400635e-02
3.973435238003730774e-02
3.887796029448509216e-02
3.951373696327209473e-02
3.919034078717231750e-02
3.843540698289871216e-02
3.841160610318183899e-02
3.823480755090713501e-02
3.741489350795745850e-02
3.788952156901359558e-02
3.689989447593688965e-02
3.761137649416923523e-02
3.666853532195091248e-02
3.664337098598480225e-02
3.611773997545242310e-02
3.584258258342742920e-02
