6.845281273126602173e-02
6.698988378047943115e-02
6.680344790220260620e-02
6.682214140892028809e-02
6.658852845430374146e-02
6.681148707866668701e-02
6.653761118650436401e-02
6.465347856283187866e-02
6.667230278253555298e-02
6.663592904806137085e-02
6.647542864084243774e-02
6.650785356760025024e-02
6.562437862157821655e-02
6.621038168668746948e-02
6.666500121355056763e-02
6.685569882392883301e-02
6.700402498245239258e-02
6.677824258804321289e-02
6.697308272123336792e-02
6.689933687448501587e-02
6.656483560800552368e-02
6.642255187034606934e-02
6.331380456686019897e-02
6.263921409845352173e-02
6.068446859717369080e-02
6.048219278454780579e-02
5.826096236705780029e-02
5.623765662312507629e-02
5.841780081391334534e-02
5.556126311421394348e-02
5.398643016815185547e-02
5.464647710323333740e-02
5.270289257168769836e-02
5.370165780186653137e-02
5.287114158272743225e-02
5.209966376423835754e-02
5.269201472401618958e-02
5.238833650946617126e-02
5.130868777632713318e-02
5.163501203060150146e-02
5.131474137306213379e-02
5.116084218025207520e-02
5.082125961780548096e-02
5.050792917609214783e-02
5.059596896171569824e-02
5.081014707684516907e-02
5.093029141426086426e-02
5.031104385852813721e-02
5.071569979190826416e-02
5.019254982471466064e-02
4.971273615956306458e-02
4.993619024753570557e-02
4.921315237879753113e-02
4.907853901386260986e-02
4.911207035183906555e-02
4.821475222706794739e-02
4.732453823089599609e-02
4.780972376465797424e-02
4.734857752919197083e-02
4.690713807940483093e-02
4.772366210818290710e-02
4.660476744174957275e-02
4.532821848988533020e-02
4.666198417544364929e-02
4.647661745548248291e-02
4.552752897143363953e-02
4.386338964104652405e-02
4.589024186134338379e-02
4.550543427467346191e-02
4.488454759120941162e-02
4.413187131285667419e-02
4.452742263674736023e-02
4.384290799498558044e-02
4.470497742295265198e-02
4.392375424504280090e-02
4.384557530283927917e-02
4.468600079417228699e-02
4.312622547149658203e-02
4.292882606387138367e-02
4.308451339602470398e-02
