5.412133410573005676e-02
4.307409375905990601e-02
3.751805052161216736e-02
3.382213041186332703e-02
2.992698922753334045e-02
2.630426175892353058e-02
2.416138723492622375e-02
2.277509681880474091e-02
2.184659987688064575e-02
2.111985534429550171e-02
2.051066420972347260e-02
1.991390250623226166e-02
1.930581778287887573e-02
1.887541450560092926e-02
1.854280382394790649e-02
1.815897040069103241e-02
1.777438446879386902e-02
1.759982295334339142e-02
1.726989448070526123e-02
1.694181933999061584e-02
1.672224514186382294e-02
1.650262996554374695e-02
1.628066040575504303e-02
1.609621383249759674e-02
1.596773415803909302e-02
1.567339897155761719e-02
1.564918830990791321e-02
1.540220249444246292e-02
1.528446190059185028e-02
1.514564827084541321e-02
1.489673275500535965e-02
1.494429912418127060e-02
1.483284961432218552e-02
1.474488060921430588e-02
1.463724952191114426e-02
1.452240627259016037e-02
1.442765723913908005e-02
1.447535492479801178e-02
1.422720588743686676e-02
1.421236060559749603e-02
1.409804634749889374e-02
1.402415707707405090e-02
1.404263358563184738e-02
1.384464278817176819e-02
1.368641853332519531e-02
1.376578956842422485e-02
1.362553145736455917e-02
1.362281013280153275e-02
1.349566783756017685e-02
1.340075489133596420e-02
1.329881884157657623e-02
1.322813518345355988e-02
1.318694930523633957e-02
1.313447020947933197e-02
1.301751751452684402e-02
1.297283824533224106e-02
1.289163716137409210e-02
1.288379915058612823e-02
1.279811654239892960e-02
1.281672436743974686e-02
1.263341493904590607e-02
1.265747286379337311e-02
1.256096828728914261e-02
1.251922734081745148e-02
1.248712837696075439e-02
1.236507110297679901e-02
1.235252711921930313e-02
1.236323639750480652e-02
1.226620748639106750e-02
1.224310696125030518e-02
1.216842979192733765e-02
1.213084999471902847e-02
1.214298419654369354e-02
1.203379500657320023e-02
1.200914941728115082e-02
1.196041889488697052e-02
1.199198700487613678e-02
1.191006880253553391e-02
1.180723030120134354e-02
1.178709510713815689e-02
1.179471146315336227e-02
1.164687797427177429e-02
1.164428424090147018e-02
1.167013123631477356e-02
1.159033738076686859e-02
1.162170991301536560e-02
1.160102523863315582e-02
1.153367012739181519e-02
1.139794662594795227e-02
1.142633147537708282e-02
1.136542204767465591e-02
1.139753032475709915e-02
1.141426991671323776e-02
1.115533802658319473e-02
1.125287171453237534e-02
1.123843528330326080e-02
1.121214684098958969e-02
1.121655479073524475e-02
1.115216873586177826e-02
1.116750854998826981e-02
1.108866091817617416e-02
1.111201290041208267e-02
1.097756810486316681e-02
1.099982578307390213e-02
1.100350078195333481e-02
1.100069656968116760e-02
