6.742138415575027466e-02
6.706158816814422607e-02
6.583909690380096436e-02
5.660508573055267334e-02
5.245240032672882080e-02
5.082861334085464478e-02
5.022687837481498718e-02
4.876874387264251709e-02
5.010518059134483337e-02
4.629980027675628662e-02
4.654027149081230164e-02
4.591141268610954285e-02
4.348538070917129517e-02
4.296956211328506470e-02
4.196184128522872925e-02
4.115976020693778992e-02
4.398995265364646912e-02
4.048575460910797119e-02
3.970664367079734802e-02
3.778488561511039734e-02
3.804005682468414307e-02
3.766737133264541626e-02
3.939820453524589539e-02
3.613184764981269836e-02
3.709765523672103882e-02
3.661253303289413452e-02
3.599002212285995483e-02
3.650729358196258545e-02
3.515284880995750427e-02
