6.775725632905960083e-02
6.672062724828720093e-02
6.657069921493530273e-02
6.633536517620086670e-02
6.647235155105590820e-02
6.672412902116775513e-02
6.655916571617126465e-02
6.633540987968444824e-02
6.654667854309082031e-02
6.605503708124160767e-02
6.616367399692535400e-02
6.655208766460418701e-02
6.564688682556152344e-02
6.467647850513458252e-02
6.384292244911193848e-02
6.334516406059265137e-02
6.251934170722961426e-02
6.260505318641662598e-02
6.197390705347061157e-02
6.184282898902893066e-02
6.136918067932128906e-02
6.056373938918113708e-02
6.036841869354248047e-02
