7.342959195375442505e-02
6.712181866168975830e-02
6.711972504854202271e-02
6.654331088066101074e-02
6.716994196176528931e-02
6.697165220975875854e-02
6.720908731222152710e-02
6.634116917848587036e-02
6.705630570650100708e-02
6.626077741384506226e-02
6.655121594667434692e-02
6.628308445215225220e-02
6.647251546382904053e-02
6.801308691501617432e-02
6.724396347999572754e-02
6.699600815773010254e-02
6.675426661968231201e-02
6.683006137609481812e-02
6.623046100139617920e-02
6.643649190664291382e-02
6.665707379579544067e-02
6.625887006521224976e-02
6.676470488309860229e-02
6.561816483736038208e-02
6.588671356439590454e-02
6.632299721240997314e-02
6.600513309240341187e-02
6.582883745431900024e-02
