6.744848936796188354e-02
6.673587113618850708e-02
6.655397266149520874e-02
6.497614830732345581e-02
6.681487709283828735e-02
6.441510468721389771e-02
6.396637111902236938e-02
6.680825352668762207e-02
6.694032996892929077e-02
6.365213543176651001e-02
5.988462641835212708e-02
5.988006666302680969e-02
6.012792512774467468e-02
5.697200074791908264e-02
5.516196414828300476e-02
5.591698363423347473e-02
5.526359006762504578e-02
5.443912744522094727e-02
5.398282408714294434e-02
5.456602573394775391e-02
5.333678424358367920e-02
5.275887250900268555e-02
5.337904021143913269e-02
5.240870639681816101e-02
5.247056484222412109e-02
5.275227129459381104e-02
5.192618444561958313e-02
5.170224979519844055e-02
5.125216767191886902e-02
5.086993053555488586e-02
5.059246346354484558e-02
4.972410574555397034e-02
4.946057125926017761e-02
5.040754377841949463e-02
4.816928505897521973e-02
4.702911898493766785e-02
4.887752607464790344e-02
4.758104681968688965e-02
4.676460102200508118e-02
4.670440033078193665e-02
4.794632270932197571e-02
4.692600294947624207e-02
4.531293734908103943e-02
4.874562099575996399e-02
4.790646955370903015e-02
4.603689908981323242e-02
4.439508542418479919e-02
4.543646052479743958e-02
4.506878182291984558e-02
4.527729749679565430e-02
4.337466135621070862e-02
4.596573114395141602e-02
4.419021680951118469e-02
4.523018375039100647e-02
4.430023953318595886e-02
4.533273354172706604e-02
4.329286888241767883e-02
4.346871003508567810e-02
4.380886629223823547e-02
4.375009238719940186e-02
4.341006278991699219e-02
4.283498600125312805e-02
4.303234443068504333e-02
4.384304955601692200e-02
4.279983416199684143e-02
4.332398250699043274e-02
4.240630939602851868e-02
4.579665139317512512e-02
4.251461848616600037e-02
4.223416373133659363e-02
4.502644017338752747e-02
4.272319748997688293e-02
4.159120842814445496e-02
4.155394062399864197e-02
4.074786975979804993e-02
4.149308428168296814e-02
4.155776649713516235e-02
4.071873798966407776e-02
4.256549850106239319e-02
4.015979170799255371e-02
