6.730921566486358643e-02
5.972700193524360657e-02
5.468825250864028931e-02
5.268060043454170227e-02
5.166629701852798462e-02
4.933548718690872192e-02
4.758696630597114563e-02
4.570884257555007935e-02
4.448223114013671875e-02
4.359230771660804749e-02
4.193942248821258545e-02
4.161252453923225403e-02
4.073685035109519958e-02
3.993571922183036804e-02
3.893861919641494751e-02
3.854286298155784607e-02
3.823868930339813232e-02
3.753383830189704895e-02
3.716897591948509216e-02
3.637509793043136597e-02
3.655836731195449829e-02
3.566619008779525757e-02
3.526692092418670654e-02
3.477128967642784119e-02
3.442414104938507080e-02
3.403431922197341919e-02
3.382190316915512085e-02
