6.647437065839767456e-02
5.540771409869194031e-02
5.182112753391265869e-02
5.105715245008468628e-02
4.953891783952713013e-02
4.806922003626823425e-02
4.655811190605163574e-02
4.320228472352027893e-02
4.261153191328048706e-02
4.106154292821884155e-02
4.068157821893692017e-02
3.926638141274452209e-02
3.865591064095497131e-02
3.925888985395431519e-02
3.681455925107002258e-02
3.606798872351646423e-02
3.614227473735809326e-02
3.509214892983436584e-02
3.443004190921783447e-02
3.506932780146598816e-02
3.344099223613739014e-02
3.238941729068756104e-02
3.428205847740173340e-02
3.227970749139785767e-02
3.152096271514892578e-02
3.147286549210548401e-02
3.147687390446662903e-02
2.941696718335151672e-02
2.846542559564113617e-02
2.998846583068370819e-02
2.789957448840141296e-02
2.760446630418300629e-02
