6.646043062210083008e-02
6.722322106361389160e-02
6.263022124767303467e-02
5.346812307834625244e-02
5.087256059050559998e-02
4.993079230189323425e-02
4.878713563084602356e-02
4.672564938664436340e-02
4.461982846260070801e-02
4.200316593050956726e-02
4.100598022341728210e-02
3.964557126164436340e-02
3.961472958326339722e-02
3.805926442146301270e-02
3.633761033415794373e-02
3.611548990011215210e-02
3.510280698537826538e-02
3.434732928872108459e-02
3.510830923914909363e-02
3.265650197863578796e-02
3.253510594367980957e-02
3.423643112182617188e-02
3.281348571181297302e-02
3.094415925443172455e-02
3.128510713577270508e-02
3.078147955238819122e-02
2.949491515755653381e-02
2.915128320455551147e-02
3.162517026066780090e-02
2.873545698821544647e-02
2.746021561324596405e-02
2.888032980263233185e-02
2.839976362884044647e-02
2.766635455191135406e-02
2.621145173907279968e-02
2.676404267549514771e-02
2.701259404420852661e-02
2.574952132999897003e-02
2.559120021760463715e-02
2.440150827169418335e-02
2.488480135798454285e-02
2.425918728113174438e-02
2.396789006888866425e-02
2.375061251223087311e-02
2.460631914436817169e-02
2.282943204045295715e-02
2.217349596321582794e-02
