6.758248060941696167e-02
6.605016440153121948e-02
6.361553072929382324e-02
5.947794765233993530e-02
5.617496371269226074e-02
5.398314446210861206e-02
5.411149933934211731e-02
5.405494570732116699e-02
5.182940512895584106e-02
5.164762586355209351e-02
5.078931152820587158e-02
5.155425891280174255e-02
4.931238293647766113e-02
4.871337860822677612e-02
4.768543317914009094e-02
4.771085828542709351e-02
4.744981601834297180e-02
4.564680904150009155e-02
4.668902233242988586e-02
4.541385546326637268e-02
4.443099349737167358e-02
4.418115690350532532e-02
4.436549171805381775e-02
4.473243653774261475e-02
4.520141705870628357e-02
4.343537986278533936e-02
4.310149699449539185e-02
4.342374950647354126e-02
4.322808235883712769e-02
4.185286909341812134e-02
4.227769374847412109e-02
4.233787208795547485e-02
4.098996147513389587e-02
4.132550209760665894e-02
4.116811603307723999e-02
4.083944484591484070e-02
4.081110656261444092e-02
4.068498313426971436e-02
3.976422175765037537e-02
4.133459180593490601e-02
4.025913774967193604e-02
3.995399549603462219e-02
4.153541103005409241e-02
4.037574678659439087e-02
3.887956589460372925e-02
3.918064013123512268e-02
3.859608992934226990e-02
3.850109502673149109e-02
4.006858915090560913e-02
3.749568387866020203e-02
3.742119297385215759e-02
3.958081826567649841e-02
3.813287615776062012e-02
4.031439870595932007e-02
3.870939463376998901e-02
3.914429247379302979e-02
3.961041942238807678e-02
3.647460415959358215e-02
3.685600310564041138e-02
3.661246225237846375e-02
3.550278022885322571e-02
3.934535011649131775e-02
3.713325038552284241e-02
3.585788235068321228e-02
3.547269105911254883e-02
3.518557175993919373e-02
3.701659664511680603e-02
3.518230468034744263e-02
3.508615121245384216e-02
3.510083258152008057e-02
3.455104306340217590e-02
3.462723270058631897e-02
3.491218760609626770e-02
3.392305225133895874e-02
3.465057536959648132e-02
3.447328507900238037e-02
3.426493704319000244e-02
3.388512507081031799e-02
3.402229771018028259e-02
3.378237411379814148e-02
