5.224981158971786499e-02
4.086430370807647705e-02
3.604285046458244324e-02
3.195129707455635071e-02
2.746538445353507996e-02
2.495978027582168579e-02
2.359782159328460693e-02
2.242273837327957153e-02
2.164471708238124847e-02
2.091087587177753448e-02
2.048097550868988037e-02
1.986341178417205811e-02
1.943381316959857941e-02
1.898579299449920654e-02
1.855154894292354584e-02
1.820284128189086914e-02
1.801508665084838867e-02
1.760689169168472290e-02
1.738008297979831696e-02
1.704518683254718781e-02
1.690252870321273804e-02
1.665368489921092987e-02
1.643713004887104034e-02
